========================================    Hash Frequencies    ========================================
                               0 : 153349
         595,056,260,442,243,600 : 140470
       1,190,112,520,884,487,200 : 136360
       1,785,168,781,326,730,800 : 134620
       2,380,225,041,768,974,400 : 134674
       2,975,281,302,211,218,000 : 126366
       3,570,337,562,653,461,600 : 127813
       4,165,393,823,095,705,200 : 130337
       4,760,450,083,537,948,800 : 132145
       5,355,506,343,980,192,400 : 125012
       5,950,562,604,422,436,000 : 119089
       6,545,618,864,864,679,600 : 122602
       7,140,675,125,306,923,200 : 122947
       7,735,731,385,749,166,800 : 120503
       8,330,787,646,191,410,400 : 117514
       8,925,843,906,633,654,000 : 131410
       9,520,900,167,075,897,600 : 132949
      10,115,956,427,518,141,200 : 128264
      10,711,012,687,960,384,800 : 121016
      11,306,068,948,402,628,400 : 124959
      11,901,125,208,844,872,000 : 116076
      12,496,181,469,287,115,600 : 117033
      13,091,237,729,729,359,200 : 113378
      13,686,293,990,171,602,800 : 129860
      14,281,350,250,613,846,400 : 122779
      14,876,406,511,056,090,000 : 118708
      15,471,462,771,498,333,600 : 113376
      16,066,519,031,940,577,200 : 124250
      16,661,575,292,382,820,800 : 114150
      17,256,631,552,825,064,400 : 116890
      17,851,687,813,267,308,000 : 113401
      18,446,744,073,709,551,600 : 0

========================================    Descriptors    ========================================
collision ratio             :        0/   3,882,300 (  0.00000000)
Hash count                :                        3,882,300
Expected frequency        :                          125,235.484
Total buckets             :                               31
Bucket size               :          595,056,260,442,243,600
Bucket overflow           :                               16
repeated hashes           : 

........................................    | lap:       777 |    ........................................